v2.0 raw
4004 1408 6*0 4004 1408 4800 1200 4*0
4004 1408 4800 1020 281 0 0 0
4004 1408 4800 1020 2c1 0 0 0
4004 1408 4800 2100 4*0 4004 1408 a00
5*0 4004 1408 802 5*0 4004 1408 6*0
4004 1408 6*0 4004 1408 6*0 4004 1408
6*0 4004 1408 6*0 4004 1408 6*0 4004
1408 6*0 4004 1408 110 5*0 4004 1408
8000 5*0 4004 1408 6*0 4004 1408 4800
1200 4*0 4004 1408 4800 1020 281 0
0 0 4004 1408 4800 1020 2c1 0
0 0 4004 1408 4800 2100 4*0 4004
1408 a00 5*0 4004 1408 802 5*0 4004
1408 802 5*0 4004 1408 6*0 4004 1408
6*0 4004 1408 6*0 4004 1408 6*0 4004
1408 6*0 4004 1408 6*0 4004 1408 110
5*0 4004 1408 8000 5*0 4004 1408 6*0
4004 1408 4800 1200 4*0 4004 1408 4800
1020 281 0 0 0 4004 1408 4800
1020 2c1 0 0 0 4004 1408 4800
2100 4*0 4004 1408 a00 5*0 4004 1408
802 5*0 4004 1408 6*0 4004 1408 802
5*0 4004 1408 6*0 4004 1408 6*0 4004
1408 6*0 4004 1408 6*0 4004 1408 6*0
4004 1408 110 5*0 4004 1408 8000 5*0
4004 1408 6*0 4004 1408 4800 1200 4*0
4004 1408 4800 1020 281 0 0 0
4004 1408 4800 1020 2c1 0 0 0
4004 1408 4800 2100 4*0 4004 1408 a00
5*0 4004 1408 802 5*0 4004 1408 802
5*0 4004 1408 802 5*0 4004 1408 6*0
4004 1408 6*0 4004 1408 6*0 4004 1408
6*0 4004 1408 6*0 4004 1408 110 5*0
4004 1408 8000
